mean: 0.49575020979742274
n_samples: 39826
quantiles:
  q10%: 0.10097794117647055
  q20%: 0.1991691176470588
  q30%: 0.29861519607843134
  q40%: 0.3956127450980392
  q50%: 0.49691911764705876
  q60%: 0.595205882352941
  q70%: 0.6921384803921569
  q80%: 0.793029411764706
  q90%: 0.8921887254901963
std: 0.2853647509913126
