mean: 0.41645079920343137
n_samples: 800
quantiles:
  q10%: 0.17567975490196078
  q20%: 0.24042900490196076
  q30%: 0.30280184068627447
  q40%: 0.35112875490196077
  q50%: 0.40553828431372546
  q60%: 0.47373821568627444
  q70%: 0.5330056642156861
  q80%: 0.588245906862745
  q90%: 0.6658197745098039
std: 0.18382171518658602
