mean: 0.4302394180382316
n_samples: 797
quantiles:
  q10%: 0.09125294117647059
  q20%: 0.18340392156862745
  q30%: 0.27248088235294105
  q40%: 0.36764411764705884
  q50%: 0.4370710784313726
  q60%: 0.5083470588235294
  q70%: 0.5877372549019607
  q80%: 0.6701980392156863
  q90%: 0.7554686274509803
std: 0.2399638385679827
