mean: 15.111051359335633
n_samples: 39850
quantiles:
  q10%: 4.992628052242462
  q20%: 10.084663307847594
  q30%: 13.308642048673688
  q40%: 15.460867375061218
  q50%: 17.07471663134651
  q60%: 18.409067237119842
  q70%: 19.57772054965548
  q80%: 20.74805970118466
  q90%: 22.278596415511604
std: 7.553995244703951
