mean: 16.448022063555417
n_samples: 39826
quantiles:
  q10%: 6.127072375945426
  q20%: 11.452445838001903
  q30%: 14.628376562941316
  q40%: 16.724310179785522
  q50%: 18.30447048150568
  q60%: 19.60532531736088
  q70%: 20.838288351686543
  q80%: 22.140891336026808
  q90%: 23.929638905243888
std: 7.571745042425622
