mean: 17.56687584080859
n_samples: 800
quantiles:
  q10%: 12.732883044462177
  q20%: 14.321454359985054
  q30%: 15.766823197976585
  q40%: 16.912084262394714
  q50%: 17.846883713149833
  q60%: 18.837918792762554
  q70%: 19.62859876576271
  q80%: 20.681465014608705
  q90%: 22.160235958457474
std: 3.9159417591549324
