mean: 15.435871174197771
n_samples: 797
quantiles:
  q10%: 5.540641470186859
  q20%: 10.727166277520844
  q30%: 13.95736112894274
  q40%: 16.178699118457107
  q50%: 17.4273093907852
  q60%: 18.666238379644465
  q70%: 19.80764947621789
  q80%: 20.99059956868856
  q90%: 22.54020169836228
std: 7.672292938944947
