mean: 0.4821786816985263
n_samples: 797
quantiles:
  q10%: 0.0894553921568627
  q20%: 0.19474754901960786
  q30%: 0.29028823529411757
  q40%: 0.37618872549019605
  q50%: 0.4866985294117647
  q60%: 0.5703921568627449
  q70%: 0.6825009803921569
  q80%: 0.779054411764706
  q90%: 0.8752632352941178
std: 0.281572602262741
