mean: 15.874655713037564
n_samples: 797
quantiles:
  q10%: 5.356407996241982
  q20%: 10.819185339640352
  q30%: 14.271839282640716
  q40%: 16.534624792349202
  q50%: 17.806509230967333
  q60%: 19.102695566544778
  q70%: 20.273203739624705
  q80%: 21.840409373211795
  q90%: 23.262097371233484
std: 7.795296158698237
