mean: 0.4182223484513002
n_samples: 39850
quantiles:
  q10%: 0.0846100490196078
  q20%: 0.16657892156862744
  q30%: 0.24974019607843137
  q40%: 0.3309122549019608
  q50%: 0.41543014705882353
  q60%: 0.4992558823529411
  q70%: 0.5834475490196078
  q80%: 0.6683803921568627
  q90%: 0.7508372549019606
std: 0.24336374116840703
